1 1 1
2 1 1
3 1 1
4 72 0
5 72 0
6 1 1
7 1 1
8 3 0
9 1 1
10 3 0
11 1 1
12 1 1
13 1 1
14 1 1
15 1 1
16 1 1
17 1 1
18 3 0
19 1 1
20 1 1
21 1 1
22 45 0
23 1 1
24 1 1
25 1 1
26 1 1
27 1 1
28 1 1
29 1 1
30 1 1
31 1 1
32 1 1
33 86 0
34 1 1
35 1 1
36 1 1
37 1 1
38 1 1
39 1 1
40 3 0
41 1 1
42 1 1
43 1 1
44 1 1
45 1 1
46 1 1
47 1 1
48 1 1
49 1 1
50 100 0
51 142 0
52 1 1
53 1 1
54 89 0
55 1 1
56 72 0
57 1 1
58 1 1
59 1 1
60 1 0
61 1 0
62 1 0
63 72 0
64 1 0
65 1 0
66 3 0
67 1 0
68 72 0
69 1 0
70 3 0
71 1 0
72 72 0
73 1 0
74 1 0
75 1 0
76 1 0
77 1 0
78 1 0
79 1 0
80 1 0
81 3 0
82 3 0
83 1 0
84 1 0
85 3 0
86 64 0
87 5 0
88 3 0
89 1 0
90 90 0
91 1 0
92 1 0
93 1 0
94 147 0
95 1 0
96 1 0
97 3 0
98 1 0
99 72 0
100 3 0
101 72 0
102 1 0
103 1 0
104 3 0
105 1 0
106 1 0
107 72 0
108 1 0
109 89 0
110 1 0
111 1 0
112 1 0
113 1 0
114 3 0
115 3 0
116 1 0
117 1 0
118 1 0
119 1 0
120 3 1
121 3 1
122 1 0
123 72 0
124 5 0
125 1 0
126 3 1
127 1 0
128 84 0
129 1 0
130 2 0
131 3 1
132 146 0
133 84 0
134 3 1
135 1 0
136 142 0
137 1 0
138 3 1
139 3 1
140 3 1
141 3 1
142 1 0
143 1 0
144 8 0
145 3 1
146 1 0
147 1 0
148 1 0
149 72 0
150 3 1
151 1 0
152 3 1
153 1 0
154 142 0
155 1 0
156 1 0
157 1 0
158 1 0
159 3 1
160 3 1
161 3 1
162 1 0
163 1 0
164 3 1
165 64 0
166 1 0
167 1 0
168 3 1
169 146 0
170 7 0
171 3 1
172 1 0
173 7 0
174 3 1
175 3 1
176 3 1
177 58 0
178 10 0
179 27 0
180 11 0
181 26 0
182 40 0
183 31 0
184 11 0
185 24 0
186 108 0
187 26 0
188 10 0
189 10 0
190 134 0
191 108 0
192 107 0
193 5 0
194 108 0
195 27 0
196 11 0
197 108 0
198 11 0
199 107 0
200 11 0
201 108 0
202 31 0
203 18 0
204 10 0
205 18 0
206 107 0
207 18 0
208 18 0
209 30 0
210 31 0
211 31 0
212 18 0
213 18 0
214 107 0
215 27 0
216 107 0
217 107 0
218 108 0
219 18 0
220 26 0
221 30 0
222 107 0
223 11 0
224 107 0
225 108 0
226 26 0
227 151 0
228 5 0
229 11 0
230 49 0
231 108 0
232 27 0
233 26 0
234 13 0
235 30 0
236 107 0
237 160 0
238 5 1
239 5 1
240 8 0
241 5 1
242 5 1
243 5 1
244 5 1
245 5 1
246 5 1
247 5 1
248 5 1
249 5 1
250 5 1
251 5 1
252 5 1
253 5 1
254 8 0
255 5 1
256 5 1
257 5 1
258 5 1
259 5 1
260 5 1
261 5 1
262 5 1
263 5 1
264 5 1
265 5 1
266 8 0
267 24 0
268 5 1
269 5 1
270 5 1
271 8 0
272 7 0
273 5 1
274 7 0
275 5 1
276 5 1
277 5 1
278 5 1
279 5 1
280 5 1
281 5 1
282 7 0
283 7 0
284 5 0
285 5 0
286 5 0
287 7 0
288 5 0
289 7 0
290 7 0
291 5 0
292 5 0
293 5 0
294 5 0
295 7 0
296 7 0
297 7 0
298 7 0
299 5 0
300 5 0
301 7 0
302 5 0
303 7 0
304 7 0
305 5 0
306 5 0
307 5 0
308 5 0
309 7 0
310 7 0
311 5 0
312 5 0
313 5 0
314 5 0
315 5 0
316 81 0
317 5 0
318 5 0
319 7 0
320 5 0
321 7 0
322 5 0
323 7 1
324 7 1
325 7 1
326 5 0
327 8 0
328 5 0
329 8 0
330 5 0
331 5 0
332 7 1
333 8 0
334 5 0
335 7 1
336 5 0
337 7 1
338 7 1
339 5 0
340 5 0
341 7 1
342 8 0
343 187 0
344 5 0
345 5 0
346 5 0
347 7 1
348 5 0
349 5 0
350 7 1
351 5 0
352 5 0
353 8 0
354 5 0
355 7 1
356 7 1
357 7 1
358 76 0
359 6 0
360 8 0
361 5 0
362 5 0
363 106 0
364 86 0
365 24 0
366 5 0
367 5 0
368 5 0
369 5 0
370 86 0
371 76 0
372 5 0
373 24 0
374 5 0
375 5 0
376 46 0
377 52 0
378 5 0
379 5 0
380 5 0
381 90 0
382 23 0
383 5 0
384 7 0
385 5 0
386 5 0
387 5 0
388 23 0
389 86 0
390 5 0
391 90 0
392 3 0
393 5 0
394 72 0
395 8 1
396 72 0
397 1 0
398 3 0
399 5 0
400 72 0
401 8 1
402 24 0
403 8 1
404 3 0
405 5 0
406 7 0
407 52 0
408 50 0
409 90 0
410 50 0
411 5 0
412 5 0
413 8 1
414 8 1
415 5 0
416 8 1
417 72 0
418 5 0
419 23 0
420 7 0
421 8 1
422 7 0
423 23 0
424 134 0
425 134 0
426 11 0
427 134 0
428 108 0
429 9 1
430 11 0
431 134 0
432 9 1
433 49 0
434 10 0
435 7 0
436 27 0
437 11 0
438 10 0
439 18 0
440 11 0
441 134 0
442 134 0
443 49 0
444 10 0
445 134 0
446 26 0
447 9 1
448 27 0
449 49 0
450 134 0
451 11 0
452 160 0
453 12 0
454 11 0
455 27 0
456 49 0
457 134 0
458 134 0
459 9 1
460 11 0
461 11 0
462 49 0
463 134 0
464 27 0
465 49 0
466 26 0
467 10 0
468 11 0
469 134 0
470 160 0
471 26 0
472 11 0
473 134 0
474 11 0
475 11 0
476 134 0
477 183 0
478 27 0
479 49 0
480 11 0
481 11 0
482 5 0
483 188 0
484 10 1
485 10 1
486 10 1
487 11 0
488 10 1
489 10 1
490 10 1
491 10 1
492 12 0
493 10 1
494 109 0
495 10 1
496 10 1
497 10 1
498 10 1
499 12 0
500 10 1
501 10 1
502 10 1
503 10 1
504 10 1
505 10 1
506 10 1
507 10 1
508 10 1
509 10 1
510 10 1
511 10 1
512 109 0
513 10 1
514 10 1
515 10 1
516 10 1
517 10 1
518 10 1
519 10 1
520 10 1
521 10 1
522 10 1
523 10 1
524 10 1
525 10 1
526 10 1
527 10 1
528 10 1
529 10 1
530 10 1
531 10 1
532 10 1
533 10 1
534 10 1
535 10 1
536 10 1
537 10 1
538 10 1
539 10 1
540 10 1
541 10 1
542 10 1
543 11 1
544 11 1
545 49 0
546 11 1
547 54 0
548 11 1
549 11 1
550 11 1
551 198 0
552 134 0
553 11 1
554 11 1
555 11 1
556 11 1
557 11 1
558 199 0
559 102 0
560 49 0
561 151 0
562 134 0
563 26 0
564 11 1
565 11 1
566 11 1
567 21 0
568 11 1
569 49 0
570 49 0
571 11 1
572 11 1
573 10 0
574 11 1
575 18 0
576 198 0
577 11 1
578 11 1
579 11 1
580 11 1
581 11 1
582 49 0
583 11 1
584 26 0
585 26 0
586 102 0
587 14 0
588 11 1
589 134 0
590 26 0
591 21 0
592 197 0
593 11 1
594 11 1
595 26 0
596 31 0
597 11 1
598 184 0
599 27 0
600 11 1
601 11 1
602 198 0
603 12 1
604 12 1
605 12 1
606 12 1
607 12 1
608 12 1
609 47 0
610 172 0
611 12 1
612 12 1
613 12 1
614 12 1
615 12 1
616 12 1
617 12 1
618 12 1
619 12 1
620 12 1
621 200 0
622 12 1
623 13 0
624 12 1
625 12 1
626 12 1
627 12 1
628 12 1
629 12 1
630 12 1
631 12 1
632 55 0
633 12 1
634 12 1
635 12 1
636 12 1
637 12 1
638 12 1
639 12 1
640 168 0
641 47 0
642 12 1
643 12 1
644 12 1
645 12 1
646 12 1
647 12 1
648 12 1
649 12 1
650 12 1
651 12 1
652 168 0
653 12 1
654 12 1
655 12 1
656 12 1
657 12 1
658 12 1
659 13 1
660 13 1
661 13 1
662 13 1
663 102 0
664 13 1
665 12 0
666 13 1
667 13 1
668 13 1
669 13 1
670 13 1
671 13 1
672 13 1
673 12 0
674 39 0
675 13 1
676 13 1
677 13 1
678 12 0
679 13 1
680 93 0
681 13 1
682 13 1
683 13 1
684 10 0
685 13 1
686 13 1
687 13 1
688 111 0
689 13 1
690 13 1
691 13 1
692 13 1
693 13 1
694 13 1
695 13 1
696 13 1
697 30 0
698 13 1
699 13 1
700 13 1
701 171 0
702 13 1
703 13 1
704 13 1
705 13 1
706 13 1
707 13 1
708 13 1
709 12 0
710 13 1
711 13 1
712 115 0
713 13 1
714 13 1
715 13 1
716 13 1
717 12 0
718 13 1
719 73 0
720 14 1
721 14 1
722 134 0
723 14 1
724 14 1
725 164 0
726 14 1
727 14 1
728 74 0
729 14 1
730 14 1
731 14 1
732 14 1
733 14 1
734 14 1
735 14 1
736 14 1
737 14 1
738 14 1
739 14 1
740 14 1
741 14 1
742 14 1
743 14 1
744 14 1
745 160 0
746 14 1
747 14 1
748 14 1
749 14 1
750 14 1
751 14 1
752 14 1
753 14 1
754 73 0
755 14 1
756 14 1
757 14 1
758 75 0
759 14 1
760 14 1
761 14 1
762 160 0
763 14 1
764 14 1
765 14 1
766 134 0
767 75 0
768 14 1
769 14 1
770 14 1
771 164 0
772 14 1
773 14 1
774 14 1
775 14 1
776 14 1
777 14 1
778 14 1
779 54 0
780 164 0
781 164 0
782 14 0
783 164 0
784 74 0
785 14 0
786 21 0
787 54 0
788 14 0
789 54 0
790 54 0
791 14 0
792 54 0
793 138 0
794 42 0
795 74 0
796 14 0
797 39 0
798 136 0
799 164 0
800 83 0
801 160 0
802 54 0
803 54 0
804 32 0
805 14 0
806 74 0
807 54 0
808 74 0
809 164 0
810 102 0
811 14 0
812 74 0
813 138 0
814 14 0
815 164 0
816 14 0
817 14 0
818 14 0
819 73 0
820 39 0
821 164 0
822 74 0
823 138 0
824 14 0
825 14 0
826 54 0
827 74 0
828 14 0
829 160 0
830 74 0
831 74 0
832 136 0
833 14 0
834 39 0
835 74 0
836 14 0
837 16 1
838 16 1
839 16 1
840 47 0
841 16 1
842 16 1
843 16 1
844 16 1
845 16 1
846 16 1
847 16 1
848 175 0
849 16 1
850 16 1
851 16 1
852 16 1
853 16 1
854 16 1
855 16 1
856 16 1
857 16 1
858 16 1
859 16 1
860 16 1
861 16 1
862 40 0
863 16 1
864 16 1
865 16 1
866 16 1
867 16 1
868 16 1
869 16 1
870 16 1
871 16 1
872 16 1
873 16 1
874 16 1
875 16 1
876 16 1
877 16 1
878 140 0
879 16 1
880 16 1
881 140 0
882 16 1
883 16 1
884 14 0
885 16 1
886 16 1
887 16 1
888 16 1
889 16 1
890 16 1
891 180 0
892 109 0
893 180 0
894 16 1
895 139 0
896 139 0
897 139 0
898 56 0
899 56 0
900 139 0
901 139 0
902 139 0
903 139 0
904 35 0
905 35 0
906 139 0
907 139 0
908 139 0
909 139 0
910 139 0
911 56 0
912 139 0
913 139 0
914 34 0
915 139 0
916 139 0
917 139 0
918 139 0
919 139 0
920 140 0
921 10 0
922 139 0
923 139 0
924 34 0
925 139 0
926 119 0
927 139 0
928 35 0
929 139 0
930 139 0
931 140 0
932 119 0
933 139 0
934 139 0
935 139 0
936 139 0
937 56 0
938 42 0
939 139 0
940 34 0
941 139 0
942 139 0
943 139 0
944 139 0
945 139 0
946 139 0
947 139 0
948 139 0
949 139 0
950 139 0
951 139 0
952 155 0
953 153 0
954 75 0
955 194 0
956 75 0
957 18 1
958 75 0
959 75 0
960 75 0
961 75 0
962 75 0
963 75 0
964 75 0
965 68 0
966 32 0
967 75 0
968 75 0
969 180 0
970 158 0
971 157 0
972 134 0
973 75 0
974 75 0
975 194 0
976 75 0
977 18 1
978 75 0
979 75 0
980 75 0
981 194 0
982 149 0
983 57 0
984 99 0
985 149 0
986 134 0
987 75 0
988 181 0
989 180 0
990 139 0
991 194 0
992 75 0
993 75 0
994 75 0
995 75 0
996 155 0
997 19 1
998 19 1
999 40 0
1000 19 1
1001 18 0
1002 19 1
1003 19 1
1004 19 1
1005 19 1
1006 18 0
1007 19 1
1008 19 1
1009 19 1
1010 19 1
1011 18 0
1012 76 0
1013 19 1
1014 18 0
1015 197 0
1016 19 1
1017 19 1
1018 19 1
1019 19 1
1020 19 1
1021 19 1
1022 19 1
1023 160 0
1024 19 1
1025 18 0
1026 18 0
1027 78 0
1028 109 0
1029 18 0
1030 5 0
1031 78 0
1032 18 0
1033 19 1
1034 18 0
1035 181 0
1036 31 0
1037 19 1
1038 18 0
1039 102 0
1040 151 0
1041 18 0
1042 18 0
1043 19 1
1044 18 0
1045 19 1
1046 19 1
1047 78 0
1048 19 1
1049 31 0
1050 31 0
1051 19 1
1052 19 1
1053 78 0
1054 19 1
1055 19 1
1056 200 0
1057 200 0
1058 200 0
1059 172 0
1060 180 0
1061 184 0
1062 168 0
1063 172 0
1064 200 0
1065 166 0
1066 172 0
1067 200 0
1068 200 0
1069 166 0
1070 200 0
1071 179 0
1072 172 0
1073 172 0
1074 172 0
1075 200 0
1076 200 0
1077 200 0
1078 172 0
1079 179 0
1080 168 0
1081 151 0
1082 109 0
1083 180 0
1084 200 0
1085 179 0
1086 172 0
1087 172 0
1088 172 0
1089 200 0
1090 172 0
1091 43 0
1092 200 0
1093 172 0
1094 172 0
1095 172 0
1096 109 0
1097 172 0
1098 163 0
1099 157 0
1100 172 0
1101 172 0
1102 172 0
1103 200 0
1104 200 0
1105 200 0
1106 179 0
1107 200 0
1108 179 0
1109 182 0
1110 168 0
1111 20 1
1112 172 0
1113 200 0
1114 172 0
1115 109 0
1116 21 1
1117 21 1
1118 21 1
1119 21 1
1120 21 1
1121 21 1
1122 21 1
1123 21 1
1124 109 0
1125 21 1
1126 12 0
1127 21 1
1128 21 1
1129 109 0
1130 21 1
1131 149 0
1132 21 1
1133 21 1
1134 21 1
1135 21 1
1136 21 1
1137 21 1
1138 21 1
1139 21 1
1140 21 1
1141 21 1
1142 21 1
1143 21 1
1144 21 1
1145 21 1
1146 21 1
1147 21 1
1148 21 1
1149 21 1
1150 21 1
1151 21 1
1152 21 1
1153 21 1
1154 149 0
1155 32 0
1156 21 1
1157 21 1
1158 21 1
1159 21 1
1160 21 1
1161 21 1
1162 21 1
1163 21 1
1164 21 1
1165 109 0
1166 21 1
1167 196 0
1168 21 1
1169 21 1
1170 21 1
1171 21 1
1172 21 1
1173 21 1
1174 21 1
1175 11 0
1176 149 0
1177 197 0
1178 194 0
1179 184 0
1180 11 0
1181 71 0
1182 194 0
1183 149 0
1184 149 0
1185 184 0
1186 197 0
1187 194 0
1188 194 0
1189 198 0
1190 194 0
1191 137 0
1192 104 0
1193 149 0
1194 104 0
1195 149 0
1196 187 0
1197 8 0
1198 197 0
1199 187 0
1200 71 0
1201 149 0
1202 187 0
1203 23 0
1204 137 0
1205 194 0
1206 194 0
1207 11 0
1208 187 0
1209 23 0
1210 194 0
1211 198 0
1212 194 0
1213 184 0
1214 187 0
1215 11 0
1216 197 0
1217 194 0
1218 194 0
1219 197 0
1220 194 0
1221 36 0
1222 71 0
1223 194 0
1224 198 0
1225 100 0
1226 71 0
1227 197 0
1228 194 0
1229 194 0
1230 149 0
1231 23 1
1232 24 0
1233 198 0
1234 72 0
1235 24 0
1236 7 0
1237 23 1
1238 23 1
1239 24 0
1240 23 1
1241 23 1
1242 23 1
1243 72 0
1244 23 1
1245 23 1
1246 23 1
1247 23 1
1248 24 0
1249 24 0
1250 49 0
1251 24 0
1252 23 1
1253 23 1
1254 58 0
1255 23 1
1256 24 0
1257 25 0
1258 23 1
1259 25 0
1260 23 1
1261 24 0
1262 23 1
1263 23 1
1264 23 1
1265 23 1
1266 23 1
1267 23 1
1268 24 0
1269 24 0
1270 89 0
1271 24 0
1272 24 0
1273 25 0
1274 24 0
1275 23 1
1276 24 0
1277 23 1
1278 23 1
1279 23 1
1280 23 1
1281 25 0
1282 8 0
1283 24 0
1284 24 0
1285 1 0
1286 23 1
1287 24 0
1288 24 0
1289 25 0
1290 24 1
1291 25 0
1292 24 1
1293 23 0
1294 24 1
1295 108 0
1296 24 1
1297 24 1
1298 24 1
1299 5 0
1300 5 0
1301 24 1
1302 24 1
1303 24 1
1304 24 1
1305 23 0
1306 24 1
1307 23 0
1308 24 1
1309 24 1
1310 24 1
1311 24 1
1312 24 1
1313 24 1
1314 24 1
1315 24 1
1316 24 1
1317 24 1
1318 24 1
1319 24 1
1320 24 1
1321 24 1
1322 24 1
1323 23 0
1324 24 1
1325 24 1
1326 24 1
1327 24 1
1328 24 1
1329 24 1
1330 24 1
1331 24 1
1332 24 1
1333 24 1
1334 24 1
1335 23 0
1336 24 1
1337 24 1
1338 23 0
1339 24 1
1340 24 1
1341 24 1
1342 23 0
1343 23 0
1344 86 0
1345 24 0
1346 90 0
1347 24 0
1348 49 0
1349 134 0
1350 23 0
1351 23 0
1352 23 0
1353 24 0
1354 25 1
1355 80 0
1356 23 0
1357 23 0
1358 24 0
1359 1 0
1360 23 0
1361 23 0
1362 12 0
1363 23 0
1364 23 0
1365 24 0
1366 7 0
1367 23 0
1368 23 0
1369 24 0
1370 24 0
1371 25 1
1372 23 0
1373 23 0
1374 23 0
1375 24 0
1376 23 0
1377 24 0
1378 75 0
1379 25 1
1380 24 0
1381 23 0
1382 24 0
1383 24 0
1384 23 0
1385 23 0
1386 23 0
1387 24 0
1388 24 0
1389 24 0
1390 24 0
1391 23 0
1392 23 0
1393 23 0
1394 86 0
1395 23 0
1396 24 0
1397 24 0
1398 23 0
1399 24 0
1400 107 0
1401 23 0
1402 11 0
1403 19 0
1404 27 0
1405 10 0
1406 11 0
1407 107 0
1408 27 0
1409 34 0
1410 10 0
1411 11 0
1412 10 0
1413 27 0
1414 10 0
1415 107 0
1416 10 0
1417 134 0
1418 27 0
1419 49 0
1420 11 0
1421 11 0
1422 27 0
1423 11 0
1424 27 0
1425 11 0
1426 27 0
1427 5 0
1428 49 0
1429 11 0
1430 18 0
1431 18 0
1432 11 0
1433 10 0
1434 134 0
1435 10 0
1436 134 0
1437 107 0
1438 10 0
1439 134 0
1440 10 0
1441 134 0
1442 11 0
1443 10 0
1444 134 0
1445 10 0
1446 26 1
1447 49 0
1448 26 1
1449 26 1
1450 134 0
1451 27 0
1452 10 0
1453 26 1
1454 134 0
1455 10 0
1456 10 0
1457 27 0
1458 11 0
1459 10 0
1460 10 0
1461 10 0
1462 27 1
1463 13 0
1464 30 0
1465 26 0
1466 11 0
1467 27 1
1468 49 0
1469 27 1
1470 18 0
1471 49 0
1472 27 1
1473 27 1
1474 49 0
1475 31 0
1476 10 0
1477 27 1
1478 49 0
1479 49 0
1480 30 0
1481 134 0
1482 11 0
1483 11 0
1484 49 0
1485 27 1
1486 49 0
1487 27 1
1488 12 0
1489 26 0
1490 11 0
1491 134 0
1492 26 0
1493 34 0
1494 11 0
1495 107 0
1496 134 0
1497 11 0
1498 11 0
1499 27 1
1500 9 0
1501 11 0
1502 18 0
1503 27 1
1504 49 0
1505 102 0
1506 27 1
1507 134 0
1508 134 0
1509 18 0
1510 11 0
1511 107 0
1512 104 0
1513 160 0
1514 31 0
1515 7 0
1516 10 0
1517 11 0
1518 18 0
1519 134 0
1520 10 0
1521 9 0
1522 28 1
1523 28 1
1524 28 1
1525 28 1
1526 190 0
1527 28 1
1528 28 1
1529 28 1
1530 28 1
1531 28 1
1532 28 1
1533 104 0
1534 28 1
1535 187 0
1536 28 1
1537 28 1
1538 184 0
1539 28 1
1540 28 1
1541 187 0
1542 131 0
1543 28 1
1544 28 1
1545 187 0
1546 28 1
1547 187 0
1548 28 1
1549 28 1
1550 187 0
1551 28 1
1552 28 1
1553 28 1
1554 28 1
1555 28 1
1556 28 1
1557 187 0
1558 28 1
1559 184 0
1560 28 1
1561 76 0
1562 184 0
1563 28 1
1564 28 1
1565 28 1
1566 28 1
1567 28 1
1568 28 1
1569 187 0
1570 28 1
1571 28 1
1572 130 0
1573 31 0
1574 28 1
1575 28 1
1576 28 1
1577 187 0
1578 187 0
1579 104 0
1580 28 1
1581 107 0
1582 30 0
1583 27 0
1584 107 0
1585 107 0
1586 49 0
1587 27 0
1588 11 0
1589 11 0
1590 11 0
1591 27 0
1592 27 0
1593 107 0
1594 27 0
1595 49 0
1596 107 0
1597 108 0
1598 107 0
1599 30 0
1600 30 0
1601 108 0
1602 30 0
1603 30 0
1604 11 0
1605 107 0
1606 107 0
1607 107 0
1608 49 0
1609 27 0
1610 49 0
1611 107 0
1612 108 0
1613 107 0
1614 107 0
1615 27 0
1616 11 0
1617 6 0
1618 107 0
1619 108 0
1620 108 0
1621 9 0
1622 107 0
1623 9 0
1624 11 0
1625 108 0
1626 107 0
1627 11 0
1628 107 0
1629 29 1
1630 107 0
1631 12 0
1632 107 0
1633 107 0
1634 107 0
1635 107 0
1636 107 0
1637 107 0
1638 9 0
1639 107 0
1640 49 0
1641 108 0
1642 49 0
1643 30 1
1644 11 0
1645 30 1
1646 107 0
1647 134 0
1648 10 0
1649 9 0
1650 108 0
1651 108 0
1652 107 0
1653 30 1
1654 108 0
1655 10 0
1656 49 0
1657 26 0
1658 49 0
1659 108 0
1660 11 0
1661 49 0
1662 107 0
1663 27 0
1664 30 1
1665 10 0
1666 49 0
1667 30 1
1668 27 0
1669 30 1
1670 11 0
1671 107 0
1672 30 1
1673 108 0
1674 49 0
1675 9 0
1676 108 0
1677 30 1
1678 107 0
1679 31 0
1680 49 0
1681 10 0
1682 19 0
1683 30 1
1684 10 0
1685 29 0
1686 107 0
1687 107 0
1688 23 0
1689 107 0
1690 107 0
1691 10 0
1692 27 0
1693 49 0
1694 30 1
1695 134 0
1696 30 1
1697 23 0
1698 49 0
1699 107 0
1700 27 0
1701 32 0
1702 151 0
1703 31 1
1704 31 1
1705 31 1
1706 31 1
1707 149 0
1708 32 0
1709 31 1
1710 153 0
1711 32 0
1712 198 0
1713 102 0
1714 32 0
1715 33 0
1716 31 1
1717 31 1
1718 31 1
1719 32 0
1720 154 0
1721 31 1
1722 33 0
1723 102 0
1724 32 0
1725 31 1
1726 33 0
1727 31 1
1728 151 0
1729 154 0
1730 31 1
1731 31 1
1732 37 0
1733 31 1
1734 102 0
1735 31 1
1736 102 0
1737 31 1
1738 119 0
1739 31 1
1740 31 1
1741 78 0
1742 33 0
1743 197 0
1744 40 0
1745 40 0
1746 151 0
1747 33 0
1748 153 0
1749 31 1
1750 31 1
1751 31 1
1752 31 1
1753 31 1
1754 32 0
1755 151 0
1756 102 0
1757 149 0
1758 153 0
1759 57 0
1760 31 1
1761 32 1
1762 33 0
1763 32 1
1764 32 1
1765 39 0
1766 31 0
1767 33 0
1768 32 1
1769 32 1
1770 32 1
1771 31 0
1772 151 0
1773 32 1
1774 32 1
1775 5 0
1776 31 0
1777 151 0
1778 32 1
1779 31 0
1780 33 0
1781 33 0
1782 7 0
1783 33 0
1784 151 0
1785 32 1
1786 32 1
1787 32 1
1788 33 0
1789 32 1
1790 102 0
1791 31 0
1792 32 1
1793 32 1
1794 31 0
1795 33 0
1796 111 0
1797 32 1
1798 94 0
1799 32 1
1800 31 0
1801 32 1
1802 33 0
1803 33 0
1804 31 0
1805 31 0
1806 32 1
1807 32 1
1808 31 0
1809 33 0
1810 32 1
1811 32 1
1812 31 0
1813 31 0
1814 31 0
1815 102 0
1816 31 0
1817 178 0
1818 33 1
1819 78 0
1820 32 0
1821 33 1
1822 197 0
1823 33 1
1824 154 0
1825 33 1
1826 32 0
1827 33 1
1828 32 0
1829 32 0
1830 31 0
1831 32 0
1832 33 1
1833 31 0
1834 33 1
1835 33 1
1836 33 1
1837 33 1
1838 31 0
1839 78 0
1840 31 0
1841 31 0
1842 33 1
1843 153 0
1844 31 0
1845 33 1
1846 32 0
1847 185 0
1848 32 0
1849 33 1
1850 32 0
1851 31 0
1852 33 1
1853 151 0
1854 31 0
1855 32 0
1856 33 1
1857 32 0
1858 33 1
1859 32 0
1860 31 0
1861 33 1
1862 32 0
1863 32 0
1864 147 0
1865 31 0
1866 41 0
1867 33 1
1868 31 0
1869 33 1
1870 153 0
1871 32 0
1872 33 1
1873 136 0
1874 34 1
1875 199 0
1876 199 0
1877 56 0
1878 115 0
1879 199 0
1880 35 0
1881 198 0
1882 34 1
1883 27 0
1884 137 0
1885 34 1
1886 34 1
1887 190 0
1888 35 0
1889 198 0
1890 35 0
1891 34 1
1892 34 1
1893 56 0
1894 128 0
1895 199 0
1896 34 1
1897 34 1
1898 137 0
1899 130 0
1900 34 1
1901 34 1
1902 128 0
1903 34 1
1904 137 0
1905 35 0
1906 198 0
1907 34 1
1908 35 0
1909 119 0
1910 126 0
1911 115 0
1912 56 0
1913 34 1
1914 198 0
1915 34 1
1916 104 0
1917 34 1
1918 34 1
1919 35 0
1920 34 1
1921 149 0
1922 34 1
1923 34 1
1924 199 0
1925 35 0
1926 137 0
1927 137 0
1928 199 0
1929 130 0
1930 115 0
1931 149 0
1932 140 0
1933 35 1
1934 35 1
1935 35 1
1936 35 1
1937 35 1
1938 35 1
1939 35 1
1940 158 0
1941 35 1
1942 35 1
1943 35 1
1944 35 1
1945 35 1
1946 35 1
1947 35 1
1948 35 1
1949 35 1
1950 35 1
1951 35 1
1952 35 1
1953 35 1
1954 35 1
1955 35 1
1956 35 1
1957 35 1
1958 35 1
1959 35 1
1960 35 1
1961 35 1
1962 35 1
1963 35 1
1964 35 1
1965 35 1
1966 35 1
1967 35 1
1968 35 1
1969 35 1
1970 35 1
1971 35 1
1972 35 1
1973 35 1
1974 35 1
1975 35 1
1976 35 1
1977 35 1
1978 35 1
1979 35 1
1980 35 1
1981 35 1
1982 35 1
1983 35 1
1984 35 1
1985 35 1
1986 35 1
1987 35 1
1988 35 1
1989 35 1
1990 35 1
1991 35 1
1992 189 0
1993 189 0
1994 187 0
1995 104 0
1996 189 0
1997 187 0
1998 189 0
1999 187 0
2000 189 0
