1 1 1
2 1 1
3 1 1
4 2 0
5 45 0
6 1 1
7 52 0
8 3 0
9 1 1
10 2 0
11 1 1
12 1 1
13 2 0
14 1 1
15 1 1
16 2 0
17 1 1
18 1 1
19 2 0
20 1 1
21 1 1
22 45 0
23 1 1
24 1 1
25 1 1
26 1 1
27 44 0
28 3 0
29 1 1
30 1 1
31 1 1
32 1 1
33 1 1
34 1 1
35 1 1
36 1 1
37 1 1
38 1 1
39 1 1
40 1 1
41 1 1
42 1 1
43 1 1
44 3 0
45 1 1
46 1 1
47 3 0
48 1 1
49 1 1
50 100 0
51 3 0
52 1 1
53 1 1
54 58 0
55 1 1
56 3 0
57 1 1
58 1 1
59 1 1
60 2 1
61 2 1
62 1 0
63 45 0
64 2 1
65 2 1
66 3 0
67 2 1
68 2 1
69 2 1
70 2 1
71 2 1
72 2 1
73 2 1
74 2 1
75 2 1
76 2 1
77 2 1
78 2 1
79 2 1
80 2 1
81 45 0
82 2 1
83 2 1
84 2 1
85 2 1
86 60 0
87 5 0
88 3 0
89 2 1
90 46 0
91 2 1
92 2 1
93 2 1
94 2 1
95 2 1
96 2 1
97 3 0
98 2 1
99 65 0
100 2 1
101 2 1
102 2 1
103 2 1
104 44 0
105 2 1
106 2 1
107 58 0
108 2 1
109 1 0
110 2 1
111 2 1
112 2 1
113 2 1
114 2 1
115 3 0
116 2 1
117 2 1
118 2 1
119 2 1
120 1 0
121 3 1
122 1 0
123 65 0
124 8 0
125 3 1
126 3 1
127 1 0
128 3 1
129 1 0
130 2 0
131 3 1
132 71 0
133 2 0
134 3 1
135 44 0
136 71 0
137 1 0
138 7 0
139 3 1
140 1 0
141 3 1
142 1 0
143 1 0
144 6 0
145 2 0
146 1 0
147 2 0
148 1 0
149 45 0
150 3 1
151 1 0
152 3 1
153 1 0
154 44 0
155 1 0
156 1 0
157 71 0
158 3 1
159 3 1
160 3 1
161 3 1
162 1 0
163 3 1
164 3 1
165 60 0
166 3 1
167 3 1
168 45 0
169 146 0
170 3 1
171 3 1
172 3 1
173 7 0
174 3 1
175 3 1
176 1 0
177 60 0
178 4 1
179 26 0
180 4 1
181 4 1
182 19 0
183 4 1
184 4 1
185 23 0
186 29 0
187 4 1
188 4 1
189 4 1
190 108 0
191 29 0
192 107 0
193 6 0
194 108 0
195 4 1
196 4 1
197 4 1
198 29 0
199 4 1
200 26 0
201 4 1
202 4 1
203 4 1
204 4 1
205 29 0
206 107 0
207 4 1
208 4 1
209 29 0
210 4 1
211 26 0
212 4 1
213 4 1
214 4 1
215 26 0
216 107 0
217 4 1
218 108 0
219 18 0
220 4 1
221 4 1
222 4 1
223 107 0
224 4 1
225 107 0
226 26 0
227 4 1
228 4 1
229 4 1
230 107 0
231 4 1
232 4 1
233 26 0
234 29 0
235 29 0
236 4 1
237 160 0
238 6 0
239 5 1
240 8 0
241 5 1
242 8 0
243 8 0
244 8 0
245 8 0
246 8 0
247 6 0
248 5 1
249 8 0
250 5 1
251 8 0
252 5 1
253 8 0
254 8 0
255 5 1
256 8 0
257 8 0
258 8 0
259 24 0
260 5 1
261 5 1
262 8 0
263 5 1
264 8 0
265 8 0
266 8 0
267 24 0
268 58 0
269 8 0
270 6 0
271 8 0
272 6 0
273 8 0
274 8 0
275 58 0
276 5 1
277 6 0
278 58 0
279 5 1
280 8 0
281 8 0
282 7 0
283 7 0
284 6 1
285 6 1
286 8 0
287 6 1
288 5 0
289 7 0
290 7 0
291 6 1
292 7 0
293 8 0
294 7 0
295 6 1
296 7 0
297 6 1
298 7 0
299 8 0
300 34 0
301 6 1
302 5 0
303 7 0
304 6 1
305 7 0
306 7 0
307 6 1
308 7 0
309 6 1
310 58 0
311 6 1
312 7 0
313 5 0
314 6 1
315 5 0
316 81 0
317 6 1
318 7 0
319 6 1
320 8 0
321 7 0
322 5 0
323 8 0
324 8 0
325 58 0
326 6 0
327 8 0
328 8 0
329 6 0
330 6 0
331 8 0
332 8 0
333 8 0
334 8 0
335 7 1
336 8 0
337 6 0
338 6 0
339 8 0
340 7 1
341 8 0
342 8 0
343 187 0
344 5 0
345 8 0
346 8 0
347 6 0
348 6 0
349 5 0
350 6 0
351 8 0
352 8 0
353 8 0
354 6 0
355 7 1
356 8 0
357 8 0
358 6 0
359 6 0
360 8 0
361 8 0
362 8 0
363 8 0
364 58 0
365 8 0
366 8 0
367 6 0
368 8 0
369 58 0
370 25 0
371 76 0
372 6 0
373 8 0
374 5 0
375 5 0
376 46 0
377 51 0
378 6 0
379 6 0
380 7 0
381 8 1
382 58 0
383 8 1
384 8 1
385 8 1
386 6 0
387 8 1
388 25 0
389 46 0
390 6 0
391 8 1
392 58 0
393 8 1
394 72 0
395 8 1
396 8 1
397 8 1
398 58 0
399 8 1
400 8 1
401 8 1
402 8 1
403 8 1
404 58 0
405 8 1
406 8 1
407 52 0
408 8 1
409 79 0
410 51 0
411 8 1
412 8 1
413 8 1
414 8 1
415 8 1
416 8 1
417 58 0
418 8 1
419 8 1
420 7 0
421 8 1
422 7 0
423 6 0
424 49 0
425 49 0
426 49 0
427 49 0
428 4 0
429 29 0
430 26 0
431 49 0
432 29 0
433 49 0
434 4 0
435 49 0
436 4 0
437 49 0
438 10 0
439 19 0
440 11 0
441 134 0
442 134 0
443 49 0
444 27 0
445 49 0
446 26 0
447 9 1
448 29 0
449 49 0
450 49 0
451 49 0
452 49 0
453 49 0
454 49 0
455 49 0
456 49 0
457 134 0
458 4 0
459 9 1
460 49 0
461 49 0
462 49 0
463 49 0
464 49 0
465 49 0
466 26 0
467 49 0
468 27 0
469 134 0
470 160 0
471 26 0
472 49 0
473 49 0
474 49 0
475 49 0
476 49 0
477 11 0
478 49 0
479 49 0
480 26 0
481 49 0
482 160 0
483 188 0
484 10 1
485 10 1
486 13 0
487 49 0
488 10 1
489 10 1
490 26 0
491 10 1
492 10 1
493 10 1
494 20 0
495 10 1
496 10 1
497 10 1
498 10 1
499 97 0
500 10 1
501 49 0
502 10 1
503 10 1
504 10 1
505 49 0
506 10 1
507 10 1
508 10 1
509 10 1
510 10 1
511 10 1
512 97 0
513 10 1
514 10 1
515 10 1
516 10 1
517 10 1
518 10 1
519 10 1
520 10 1
521 10 1
522 10 1
523 10 1
524 10 1
525 10 1
526 10 1
527 10 1
528 10 1
529 10 1
530 11 0
531 10 1
532 10 1
533 10 1
534 4 0
535 10 1
536 10 1
537 10 1
538 10 1
539 10 1
540 10 1
541 10 1
542 10 1
543 26 0
544 11 1
545 49 0
546 11 1
547 11 1
548 11 1
549 11 1
550 150 0
551 11 1
552 134 0
553 11 1
554 11 1
555 27 0
556 11 1
557 11 1
558 11 1
559 11 1
560 11 1
561 11 1
562 134 0
563 26 0
564 11 1
565 11 1
566 49 0
567 11 1
568 11 1
569 49 0
570 49 0
571 11 1
572 11 1
573 4 0
574 11 1
575 19 0
576 11 1
577 11 1
578 26 0
579 11 1
580 11 1
581 27 0
582 4 0
583 11 1
584 49 0
585 11 1
586 186 0
587 54 0
588 11 1
589 49 0
590 26 0
591 11 1
592 11 1
593 49 0
594 11 1
595 11 1
596 11 1
597 11 1
598 183 0
599 49 0
600 11 1
601 11 1
602 198 0
603 12 1
604 12 1
605 12 1
606 12 1
607 12 1
608 12 1
609 13 0
610 12 1
611 12 1
612 12 1
613 12 1
614 12 1
615 12 1
616 12 1
617 12 1
618 12 1
619 12 1
620 12 1
621 200 0
622 12 1
623 13 0
624 12 1
625 12 1
626 12 1
627 12 1
628 12 1
629 12 1
630 12 1
631 12 1
632 55 0
633 12 1
634 12 1
635 12 1
636 12 1
637 12 1
638 12 1
639 12 1
640 96 0
641 12 1
642 12 1
643 12 1
644 12 1
645 12 1
646 13 0
647 12 1
648 12 1
649 12 1
650 12 1
651 12 1
652 168 0
653 12 1
654 12 1
655 12 1
656 12 1
657 12 1
658 12 1
659 13 1
660 13 1
661 13 1
662 13 1
663 150 0
664 13 1
665 20 0
666 13 1
667 13 1
668 13 1
669 13 1
670 13 1
671 13 1
672 13 1
673 13 1
674 13 1
675 13 1
676 13 1
677 13 1
678 88 0
679 13 1
680 93 0
681 13 1
682 13 1
683 13 1
684 13 1
685 13 1
686 13 1
687 13 1
688 13 1
689 13 1
690 13 1
691 13 1
692 13 1
693 13 1
694 13 1
695 13 1
696 13 1
697 13 1
698 13 1
699 13 1
700 13 1
701 13 1
702 13 1
703 13 1
704 13 1
705 13 1
706 13 1
707 13 1
708 13 1
709 13 1
710 13 1
711 13 1
712 193 0
713 13 1
714 13 1
715 13 1
716 13 1
717 12 0
718 13 1
719 14 1
720 14 1
721 14 1
722 134 0
723 14 1
724 14 1
725 15 0
726 14 1
727 14 1
728 14 1
729 14 1
730 14 1
731 14 1
732 14 1
733 14 1
734 14 1
735 15 0
736 14 1
737 14 1
738 14 1
739 15 0
740 14 1
741 14 1
742 14 1
743 14 1
744 15 0
745 14 1
746 14 1
747 14 1
748 14 1
749 14 1
750 14 1
751 14 1
752 14 1
753 15 0
754 15 0
755 14 1
756 14 1
757 14 1
758 14 1
759 14 1
760 15 0
761 14 1
762 164 0
763 14 1
764 14 1
765 14 1
766 14 1
767 134 0
768 14 1
769 15 0
770 14 1
771 14 1
772 14 1
773 15 0
774 14 1
775 14 1
776 14 1
777 14 1
778 14 1
779 54 0
780 15 1
781 15 1
782 15 1
783 15 1
784 15 1
785 15 1
786 54 0
787 15 1
788 15 1
789 54 0
790 54 0
791 15 1
792 15 1
793 15 1
794 15 1
795 15 1
796 15 1
797 15 1
798 15 1
799 15 1
800 79 0
801 160 0
802 15 1
803 54 0
804 32 0
805 15 1
806 14 0
807 15 1
808 15 1
809 15 1
810 15 1
811 14 0
812 15 1
813 160 0
814 14 0
815 15 1
816 15 1
817 15 1
818 15 1
819 15 1
820 15 1
821 15 1
822 15 1
823 136 0
824 15 1
825 15 1
826 15 1
827 15 1
828 15 1
829 15 1
830 15 1
831 15 1
832 15 1
833 15 1
834 15 1
835 15 1
836 15 1
837 16 1
838 16 1
839 16 1
840 47 0
841 16 1
842 16 1
843 16 1
844 16 1
845 16 1
846 16 1
847 16 1
848 175 0
849 16 1
850 16 1
851 16 1
852 16 1
853 16 1
854 16 1
855 16 1
856 16 1
857 16 1
858 16 1
859 16 1
860 16 1
861 16 1
862 16 1
863 16 1
864 16 1
865 16 1
866 16 1
867 16 1
868 16 1
869 16 1
870 16 1
871 16 1
872 16 1
873 16 1
874 16 1
875 16 1
876 16 1
877 16 1
878 16 1
879 16 1
880 16 1
881 16 1
882 16 1
883 16 1
884 16 1
885 16 1
886 16 1
887 16 1
888 16 1
889 16 1
890 16 1
891 180 0
892 16 1
893 157 0
894 16 1
895 140 0
896 17 1
897 42 0
898 56 0
899 56 0
900 42 0
901 42 0
902 17 1
903 17 1
904 17 1
905 35 0
906 17 1
907 42 0
908 17 1
909 17 1
910 17 1
911 56 0
912 17 1
913 17 1
914 34 0
915 17 1
916 56 0
917 17 1
918 17 1
919 17 1
920 140 0
921 10 0
922 17 1
923 17 1
924 55 0
925 17 1
926 119 0
927 42 0
928 35 0
929 17 1
930 17 1
931 17 1
932 119 0
933 17 1
934 17 1
935 139 0
936 17 1
937 56 0
938 42 0
939 17 1
940 34 0
941 139 0
942 17 1
943 42 0
944 17 1
945 17 1
946 17 1
947 56 0
948 17 1
949 140 0
950 56 0
951 42 0
952 75 0
953 99 0
954 75 0
955 194 0
956 75 0
957 18 1
958 15 0
959 75 0
960 75 0
961 75 0
962 75 0
963 75 0
964 187 0
965 75 0
966 75 0
967 75 0
968 75 0
969 180 0
970 99 0
971 157 0
972 18 1
973 75 0
974 75 0
975 99 0
976 75 0
977 20 0
978 75 0
979 75 0
980 75 0
981 194 0
982 149 0
983 75 0
984 99 0
985 194 0
986 18 1
987 18 1
988 75 0
989 75 0
990 18 1
991 99 0
992 75 0
993 75 0
994 75 0
995 75 0
996 151 0
997 19 1
998 19 1
999 19 1
1000 19 1
1001 26 0
1002 19 1
1003 19 1
1004 19 1
1005 19 1
1006 19 1
1007 19 1
1008 19 1
1009 19 1
1010 19 1
1011 78 0
1012 11 0
1013 19 1
1014 19 1
1015 150 0
1016 19 1
1017 19 1
1018 19 1
1019 19 1
1020 19 1
1021 19 1
1022 19 1
1023 160 0
1024 19 1
1025 19 1
1026 19 1
1027 19 1
1028 19 1
1029 19 1
1030 6 0
1031 19 1
1032 19 1
1033 19 1
1034 19 1
1035 181 0
1036 19 1
1037 19 1
1038 19 1
1039 102 0
1040 19 1
1041 19 1
1042 19 1
1043 19 1
1044 11 0
1045 19 1
1046 19 1
1047 19 1
1048 19 1
1049 33 0
1050 31 0
1051 19 1
1052 19 1
1053 19 1
1054 19 1
1055 19 1
1056 200 0
1057 43 0
1058 20 1
1059 172 0
1060 180 0
1061 55 0
1062 166 0
1063 166 0
1064 200 0
1065 166 0
1066 43 0
1067 166 0
1068 200 0
1069 166 0
1070 97 0
1071 166 0
1072 43 0
1073 168 0
1074 179 0
1075 168 0
1076 200 0
1077 97 0
1078 43 0
1079 166 0
1080 166 0
1081 157 0
1082 109 0
1083 166 0
1084 43 0
1085 166 0
1086 20 1
1087 109 0
1088 172 0
1089 109 0
1090 172 0
1091 43 0
1092 200 0
1093 20 1
1094 20 1
1095 168 0
1096 200 0
1097 47 0
1098 163 0
1099 43 0
1100 43 0
1101 109 0
1102 200 0
1103 172 0
1104 20 1
1105 20 1
1106 43 0
1107 37 0
1108 166 0
1109 182 0
1110 20 1
1111 20 1
1112 20 1
1113 200 0
1114 168 0
1115 21 1
1116 21 1
1117 21 1
1118 21 1
1119 21 1
1120 21 1
1121 21 1
1122 21 1
1123 21 1
1124 21 1
1125 21 1
1126 97 0
1127 21 1
1128 21 1
1129 21 1
1130 21 1
1131 21 1
1132 21 1
1133 21 1
1134 21 1
1135 21 1
1136 21 1
1137 21 1
1138 21 1
1139 21 1
1140 21 1
1141 21 1
1142 21 1
1143 21 1
1144 21 1
1145 21 1
1146 21 1
1147 21 1
1148 21 1
1149 21 1
1150 21 1
1151 21 1
1152 21 1
1153 21 1
1154 21 1
1155 21 1
1156 21 1
1157 21 1
1158 21 1
1159 21 1
1160 21 1
1161 21 1
1162 21 1
1163 21 1
1164 21 1
1165 109 0
1166 21 1
1167 199 0
1168 120 0
1169 21 1
1170 21 1
1171 76 0
1172 21 1
1173 21 1
1174 21 1
1175 11 0
1176 194 0
1177 196 0
1178 194 0
1179 28 0
1180 18 0
1181 187 0
1182 194 0
1183 36 0
1184 194 0
1185 28 0
1186 28 0
1187 149 0
1188 194 0
1189 193 0
1190 194 0
1191 137 0
1192 194 0
1193 149 0
1194 92 0
1195 194 0
1196 187 0
1197 28 0
1198 187 0
1199 28 0
1200 28 0
1201 194 0
1202 36 0
1203 107 0
1204 137 0
1205 194 0
1206 194 0
1207 18 0
1208 36 0
1209 46 0
1210 194 0
1211 4 0
1212 194 0
1213 194 0
1214 28 0
1215 92 0
1216 193 0
1217 194 0
1218 11 0
1219 193 0
1220 194 0
1221 36 0
1222 92 0
1223 199 0
1224 28 0
1225 36 0
1226 194 0
1227 194 0
1228 46 0
1229 36 0
1230 194 0
1231 25 0
1232 25 0
1233 198 0
1234 72 0
1235 24 0
1236 8 0
1237 23 1
1238 25 0
1239 23 1
1240 25 0
1241 58 0
1242 25 0
1243 58 0
1244 25 0
1245 23 1
1246 23 1
1247 23 1
1248 58 0
1249 24 0
1250 25 0
1251 25 0
1252 25 0
1253 25 0
1254 58 0
1255 23 1
1256 25 0
1257 25 0
1258 25 0
1259 1 0
1260 25 0
1261 25 0
1262 25 0
1263 23 1
1264 25 0
1265 23 1
1266 25 0
1267 23 1
1268 58 0
1269 23 1
1270 89 0
1271 58 0
1272 49 0
1273 25 0
1274 25 0
1275 23 1
1276 25 0
1277 23 1
1278 25 0
1279 23 1
1280 25 0
1281 25 0
1282 8 0
1283 23 1
1284 25 0
1285 1 0
1286 25 0
1287 25 0
1288 25 0
1289 25 0
1290 25 0
1291 25 0
1292 44 0
1293 25 0
1294 24 1
1295 23 0
1296 25 0
1297 25 0
1298 24 1
1299 8 0
1300 5 0
1301 24 1
1302 24 1
1303 25 0
1304 24 1
1305 23 0
1306 24 1
1307 25 0
1308 23 0
1309 25 0
1310 23 0
1311 44 0
1312 8 0
1313 25 0
1314 23 0
1315 25 0
1316 58 0
1317 24 1
1318 25 0
1319 25 0
1320 24 1
1321 24 1
1322 24 1
1323 23 0
1324 24 1
1325 23 0
1326 24 1
1327 58 0
1328 25 0
1329 24 1
1330 24 1
1331 23 0
1332 24 1
1333 24 1
1334 24 1
1335 24 1
1336 25 0
1337 24 1
1338 93 0
1339 24 1
1340 25 0
1341 24 1
1342 25 1
1343 25 1
1344 100 0
1345 24 0
1346 25 1
1347 25 1
1348 44 0
1349 49 0
1350 23 0
1351 25 1
1352 23 0
1353 23 0
1354 25 1
1355 80 0
1356 25 1
1357 23 0
1358 25 1
1359 2 0
1360 25 1
1361 23 0
1362 12 0
1363 25 1
1364 25 1
1365 24 0
1366 58 0
1367 25 1
1368 23 0
1369 23 0
1370 24 0
1371 25 1
1372 23 0
1373 52 0
1374 23 0
1375 25 1
1376 25 1
1377 25 1
1378 58 0
1379 25 1
1380 23 0
1381 23 0
1382 24 0
1383 25 1
1384 23 0
1385 25 1
1386 25 1
1387 25 1
1388 8 0
1389 25 1
1390 25 1
1391 23 0
1392 23 0
1393 25 1
1394 58 0
1395 25 1
1396 24 0
1397 23 0
1398 25 1
1399 25 1
1400 107 0
1401 25 1
1402 27 0
1403 19 0
1404 49 0
1405 49 0
1406 26 1
1407 4 0
1408 29 0
1409 34 0
1410 29 0
1411 26 1
1412 26 1
1413 26 1
1414 49 0
1415 4 0
1416 27 0
1417 49 0
1418 27 0
1419 27 0
1420 26 1
1421 49 0
1422 27 0
1423 49 0
1424 26 1
1425 4 0
1426 26 1
1427 6 0
1428 49 0
1429 26 1
1430 26 1
1431 19 0
1432 4 0
1433 10 0
1434 134 0
1435 10 0
1436 26 1
1437 107 0
1438 13 0
1439 134 0
1440 4 0
1441 134 0
1442 27 0
1443 6 0
1444 134 0
1445 4 0
1446 26 1
1447 49 0
1448 4 0
1449 49 0
1450 49 0
1451 27 0
1452 10 0
1453 26 1
1454 134 0
1455 49 0
1456 10 0
1457 27 0
1458 49 0
1459 29 0
1460 108 0
1461 10 0
1462 27 1
1463 4 0
1464 29 0
1465 26 0
1466 11 0
1467 27 1
1468 49 0
1469 29 0
1470 18 0
1471 49 0
1472 26 0
1473 29 0
1474 49 0
1475 18 0
1476 29 0
1477 27 1
1478 49 0
1479 49 0
1480 29 0
1481 134 0
1482 27 1
1483 49 0
1484 29 0
1485 27 1
1486 49 0
1487 27 1
1488 9 0
1489 26 0
1490 4 0
1491 134 0
1492 11 0
1493 19 0
1494 49 0
1495 4 0
1496 49 0
1497 49 0
1498 27 1
1499 49 0
1500 9 0
1501 49 0
1502 26 0
1503 27 1
1504 27 1
1505 26 0
1506 29 0
1507 4 0
1508 134 0
1509 29 0
1510 4 0
1511 107 0
1512 115 0
1513 49 0
1514 4 0
1515 4 0
1516 9 0
1517 26 0
1518 18 0
1519 49 0
1520 29 0
1521 9 0
1522 28 1
1523 28 1
1524 28 1
1525 28 1
1526 28 1
1527 28 1
1528 28 1
1529 28 1
1530 28 1
1531 28 1
1532 28 1
1533 28 1
1534 28 1
1535 28 1
1536 28 1
1537 28 1
1538 28 1
1539 28 1
1540 28 1
1541 28 1
1542 28 1
1543 28 1
1544 28 1
1545 28 1
1546 28 1
1547 28 1
1548 28 1
1549 28 1
1550 28 1
1551 28 1
1552 28 1
1553 28 1
1554 28 1
1555 28 1
1556 28 1
1557 187 0
1558 28 1
1559 28 1
1560 28 1
1561 76 0
1562 28 1
1563 28 1
1564 28 1
1565 28 1
1566 28 1
1567 28 1
1568 28 1
1569 28 1
1570 28 1
1571 28 1
1572 28 1
1573 28 1
1574 28 1
1575 28 1
1576 28 1
1577 28 1
1578 28 1
1579 28 1
1580 28 1
1581 4 0
1582 29 1
1583 29 1
1584 107 0
1585 29 1
1586 49 0
1587 29 1
1588 9 0
1589 107 0
1590 9 0
1591 27 0
1592 4 0
1593 4 0
1594 4 0
1595 29 1
1596 107 0
1597 29 1
1598 4 0
1599 4 0
1600 29 1
1601 29 1
1602 30 0
1603 30 0
1604 4 0
1605 107 0
1606 29 1
1607 29 1
1608 49 0
1609 29 1
1610 49 0
1611 107 0
1612 29 1
1613 29 1
1614 107 0
1615 107 0
1616 4 0
1617 4 0
1618 29 1
1619 4 0
1620 29 1
1621 107 0
1622 29 1
1623 29 1
1624 11 0
1625 4 0
1626 107 0
1627 29 1
1628 107 0
1629 29 1
1630 107 0
1631 13 0
1632 107 0
1633 107 0
1634 107 0
1635 107 0
1636 4 0
1637 107 0
1638 29 1
1639 107 0
1640 49 0
1641 4 0
1642 49 0
1643 93 0
1644 49 0
1645 107 0
1646 107 0
1647 49 0
1648 107 0
1649 29 0
1650 49 0
1651 29 0
1652 29 0
1653 4 0
1654 29 0
1655 29 0
1656 49 0
1657 29 0
1658 49 0
1659 4 0
1660 4 0
1661 49 0
1662 4 0
1663 49 0
1664 30 1
1665 29 0
1666 49 0
1667 29 0
1668 49 0
1669 93 0
1670 49 0
1671 107 0
1672 29 0
1673 107 0
1674 49 0
1675 9 0
1676 4 0
1677 107 0
1678 107 0
1679 4 0
1680 49 0
1681 4 0
1682 4 0
1683 30 1
1684 4 0
1685 29 0
1686 29 0
1687 29 0
1688 49 0
1689 4 0
1690 4 0
1691 29 0
1692 29 0
1693 49 0
1694 4 0
1695 29 0
1696 29 0
1697 30 1
1698 49 0
1699 107 0
1700 49 0
1701 31 1
1702 31 1
1703 32 0
1704 31 1
1705 31 1
1706 31 1
1707 31 1
1708 32 0
1709 31 1
1710 195 0
1711 31 1
1712 158 0
1713 33 0
1714 31 1
1715 33 0
1716 31 1
1717 31 1
1718 31 1
1719 33 0
1720 33 0
1721 31 1
1722 33 0
1723 31 1
1724 31 1
1725 31 1
1726 31 1
1727 31 1
1728 186 0
1729 31 1
1730 31 1
1731 31 1
1732 37 0
1733 31 1
1734 195 0
1735 31 1
1736 33 0
1737 31 1
1738 33 0
1739 31 1
1740 31 1
1741 78 0
1742 33 0
1743 31 1
1744 32 0
1745 40 0
1746 31 1
1747 33 0
1748 31 1
1749 31 1
1750 31 1
1751 31 1
1752 31 1
1753 33 0
1754 32 0
1755 31 1
1756 31 1
1757 33 0
1758 181 0
1759 57 0
1760 31 1
1761 32 1
1762 33 0
1763 32 1
1764 32 1
1765 33 0
1766 78 0
1767 33 0
1768 32 1
1769 32 1
1770 32 1
1771 31 0
1772 151 0
1773 32 1
1774 32 1
1775 8 0
1776 32 1
1777 97 0
1778 32 1
1779 31 0
1780 32 1
1781 33 0
1782 7 0
1783 33 0
1784 77 0
1785 32 1
1786 32 1
1787 32 1
1788 32 1
1789 32 1
1790 32 1
1791 102 0
1792 32 1
1793 32 1
1794 31 0
1795 31 0
1796 111 0
1797 32 1
1798 93 0
1799 32 1
1800 31 0
1801 32 1
1802 78 0
1803 32 1
1804 32 1
1805 32 1
1806 32 1
1807 32 1
1808 31 0
1809 32 1
1810 32 1
1811 31 0
1812 74 0
1813 31 0
1814 31 0
1815 31 0
1816 33 1
1817 195 0
1818 33 1
1819 31 0
1820 32 0
1821 33 1
1822 193 0
1823 33 1
1824 154 0
1825 33 1
1826 33 1
1827 32 0
1828 32 0
1829 40 0
1830 31 0
1831 31 0
1832 33 1
1833 31 0
1834 33 1
1835 32 0
1836 33 1
1837 33 1
1838 31 0
1839 31 0
1840 93 0
1841 31 0
1842 33 1
1843 153 0
1844 31 0
1845 31 0
1846 31 0
1847 33 1
1848 32 0
1849 33 1
1850 32 0
1851 31 0
1852 33 1
1853 74 0
1854 31 0
1855 32 0
1856 32 0
1857 32 0
1858 33 1
1859 32 0
1860 31 0
1861 33 1
1862 32 0
1863 32 0
1864 147 0
1865 31 0
1866 33 1
1867 31 0
1868 31 0
1869 33 1
1870 33 1
1871 31 0
1872 31 0
1873 136 0
1874 56 0
1875 199 0
1876 34 1
1877 56 0
1878 34 1
1879 55 0
1880 130 0
1881 85 0
1882 34 1
1883 26 0
1884 137 0
1885 34 1
1886 26 0
1887 34 1
1888 56 0
1889 198 0
1890 34 1
1891 56 0
1892 34 1
1893 56 0
1894 11 0
1895 120 0
1896 34 1
1897 34 1
1898 34 1
1899 34 1
1900 34 1
1901 55 0
1902 113 0
1903 120 0
1904 34 1
1905 35 0
1906 11 0
1907 34 1
1908 115 0
1909 34 1
1910 85 0
1911 34 1
1912 34 1
1913 34 1
1914 34 1
1915 124 0
1916 85 0
1917 34 1
1918 56 0
1919 26 0
1920 34 1
1921 113 0
1922 34 1
1923 55 0
1924 56 0
1925 26 0
1926 56 0
1927 137 0
1928 199 0
1929 34 1
1930 113 0
1931 150 0
1932 42 0
1933 35 1
1934 35 1
1935 35 1
1936 35 1
1937 35 1
1938 35 1
1939 35 1
1940 129 0
1941 35 1
1942 35 1
1943 35 1
1944 35 1
1945 35 1
1946 35 1
1947 35 1
1948 35 1
1949 35 1
1950 35 1
1951 35 1
1952 35 1
1953 35 1
1954 35 1
1955 42 0
1956 35 1
1957 35 1
1958 35 1
1959 35 1
1960 35 1
1961 35 1
1962 35 1
1963 35 1
1964 35 1
1965 35 1
1966 35 1
1967 35 1
1968 35 1
1969 35 1
1970 35 1
1971 35 1
1972 35 1
1973 35 1
1974 35 1
1975 56 0
1976 34 0
1977 35 1
1978 35 1
1979 35 1
1980 35 1
1981 35 1
1982 35 1
1983 35 1
1984 35 1
1985 35 1
1986 35 1
1987 35 1
1988 35 1
1989 35 1
1990 35 1
1991 35 1
1992 36 1
1993 36 1
1994 36 1
1995 36 1
1996 36 1
1997 36 1
1998 36 1
1999 36 1
2000 36 1
2001 36 1
2002 36 1
2003 36 1
2004 36 1
2005 36 1
2006 149 0
2007 36 1
2008 36 1
2009 36 1
2010 36 1
2011 36 1
2012 36 1
2013 36 1
2014 36 1
2015 36 1
2016 36 1
2017 36 1
2018 36 1
2019 36 1
2020 36 1
2021 36 1
2022 36 1
2023 36 1
2024 36 1
2025 36 1
2026 36 1
2027 36 1
2028 189 0
2029 36 1
2030 36 1
2031 36 1
2032 36 1
2033 36 1
2034 36 1
2035 36 1
2036 36 1
2037 36 1
2038 36 1
2039 36 1
2040 36 1
2041 36 1
2042 36 1
2043 36 1
2044 36 1
2045 36 1
2046 36 1
2047 36 1
2048 36 1
2049 36 1
2050 36 1
2051 36 1
2052 37 1
2053 39 0
2054 37 1
2055 175 0
2056 179 0
2057 102 0
2058 37 1
2059 37 1
2060 37 1
2061 37 1
2062 179 0
2063 37 1
2064 102 0
2065 37 1
2066 37 1
2067 37 1
2068 38 0
2069 37 1
2070 37 1
2071 37 1
2072 37 1
2073 37 1
2074 40 0
2075 37 1
2076 40 0
2077 37 1
2078 37 1
2079 37 1
2080 37 1
2081 37 1
2082 102 0
2083 37 1
2084 37 1
2085 37 1
2086 37 1
2087 37 1
2088 37 1
2089 37 1
2090 37 1
2091 37 1
2092 40 0
2093 40 0
2094 37 1
2095 40 0
2096 19 0
2097 174 0
2098 37 1
2099 37 1
2100 102 0
2101 37 1
2102 37 1
2103 37 1
2104 37 1
2105 152 0
2106 37 1
2107 37 1
2108 37 1
2109 171 0
2110 115 0
2111 157 0
2112 38 1
2113 38 1
2114 37 0
2115 38 1
2116 38 1
2117 43 0
2118 43 0
2119 37 0
2120 78 0
2121 37 0
2122 40 0
2123 37 0
2124 40 0
2125 37 0
2126 37 0
2127 77 0
2128 37 0
2129 40 0
2130 181 0
2131 37 0
2132 40 0
2133 38 1
2134 37 0
2135 150 0
2136 37 0
2137 40 0
2138 48 0
2139 37 0
2140 37 0
2141 37 0
2142 33 0
2143 37 0
2144 40 0
2145 43 0
2146 157 0
2147 37 0
2148 37 0
2149 77 0
2150 38 1
2151 77 0
2152 38 1
2153 40 0
2154 37 0
2155 37 0
2156 37 0
2157 38 1
2158 40 0
2159 40 0
2160 38 1
2161 40 0
2162 20 0
2163 77 0
2164 38 1
2165 102 0
2166 39 0
2167 77 0
2168 37 0
2169 40 0
2170 40 0
2171 37 0
2172 102 0
2173 37 0
2174 37 0
2175 37 0
2176 40 0
2177 40 0
2178 37 0
2179 40 0
2180 37 0
2181 37 0
2182 153 0
2183 37 0
2184 37 0
2185 37 0
2186 39 1
2187 37 0
2188 40 0
2189 102 0
2190 156 0
2191 179 0
2192 102 0
2193 37 0
2194 37 0
2195 40 0
2196 37 0
2197 37 0
2198 37 0
2199 40 0
2200 37 0
2201 37 0
2202 39 1
2203 171 0
2204 37 0
2205 37 0
2206 37 0
2207 37 0
2208 102 0
2209 102 0
2210 37 0
2211 102 0
2212 67 0
2213 37 0
2214 37 0
2215 37 0
2216 37 0
2217 40 0
2218 37 0
2219 40 0
2220 37 0
2221 37 0
2222 171 0
2223 115 0
2224 78 0
2225 37 0
2226 183 0
2227 37 0
2228 93 0
2229 115 0
2230 39 0
2231 102 0
2232 40 1
2233 40 1
2234 40 1
2235 40 1
2236 102 0
2237 102 0
2238 102 0
2239 40 1
2240 76 0
2241 37 0
2242 40 1
2243 102 0
2244 37 0
2245 40 1
2246 37 0
2247 93 0
2248 78 0
2249 102 0
2250 37 0
2251 148 0
2252 40 1
2253 32 0
2254 102 0
2255 147 0
2256 102 0
2257 102 0
2258 102 0
2259 102 0
2260 102 0
2261 171 0
2262 102 0
2263 102 0
2264 40 1
2265 102 0
2266 102 0
2267 150 0
2268 40 1
2269 40 1
2270 40 1
2271 40 1
2272 102 0
2273 37 0
2274 102 0
2275 102 0
2276 40 1
2277 102 0
2278 78 0
2279 40 1
2280 37 0
2281 40 1
2282 32 0
2283 102 0
2284 40 1
2285 102 0
2286 102 0
2287 102 0
2288 40 1
2289 102 0
2290 41 1
2291 78 0
2292 111 0
2293 78 0
2294 41 1
2295 32 0
2296 41 1
2297 41 1
2298 41 1
2299 78 0
2300 112 0
2301 41 1
2302 111 0
2303 41 1
2304 78 0
2305 78 0
2306 93 0
2307 41 1
2308 41 1
2309 32 0
2310 78 0
2311 78 0
2312 41 1
2313 78 0
2314 41 1
2315 41 1
2316 41 1
2317 41 1
2318 112 0
2319 112 0
2320 93 0
2321 93 0
2322 42 0
2323 41 1
2324 33 0
2325 93 0
2326 41 1
2327 41 1
2328 41 1
2329 41 1
2330 93 0
2331 41 1
2332 41 1
2333 41 1
2334 41 1
2335 78 0
2336 78 0
2337 93 0
2338 41 1
2339 77 0
2340 42 0
2341 41 1
2342 113 0
2343 32 0
2344 41 1
2345 41 1
2346 41 1
2347 78 0
2348 93 0
2349 112 0
2350 42 1
2351 42 1
2352 42 1
2353 42 1
2354 42 1
2355 42 1
2356 42 1
2357 42 1
2358 42 1
2359 42 1
2360 42 1
2361 42 1
2362 42 1
2363 42 1
2364 42 1
2365 42 1
2366 42 1
2367 42 1
2368 42 1
2369 42 1
2370 42 1
2371 42 1
2372 42 1
2373 42 1
2374 42 1
2375 42 1
2376 42 1
2377 42 1
2378 42 1
2379 42 1
2380 42 1
2381 42 1
2382 42 1
2383 42 1
2384 42 1
2385 42 1
2386 42 1
2387 42 1
2388 42 1
2389 42 1
2390 42 1
2391 42 1
2392 42 1
2393 42 1
2394 42 1
2395 42 1
2396 42 1
2397 139 0
2398 42 1
2399 42 1
2400 42 1
2401 42 1
2402 42 1
2403 42 1
2404 42 1
2405 42 1
2406 42 1
2407 42 1
2408 42 1
2409 42 1
2410 37 0
2411 174 0
2412 47 0
2413 37 0
2414 37 0
2415 37 0
2416 38 0
2417 37 0
2418 37 0
2419 37 0
2420 37 0
2421 37 0
2422 37 0
2423 40 0
2424 37 0
2425 37 0
2426 37 0
2427 37 0
2428 37 0
2429 40 0
2430 43 1
2431 37 0
2432 37 0
2433 37 0
2434 157 0
2435 37 0
2436 183 0
2437 157 0
2438 37 0
2439 37 0
2440 152 0
2441 171 0
2442 39 0
2443 37 0
2444 37 0
2445 38 0
2446 37 0
2447 37 0
2448 37 0
2449 37 0
2450 37 0
2451 37 0
2452 102 0
2453 77 0
2454 179 0
2455 168 0
2456 43 1
2457 155 0
2458 37 0
2459 37 0
2460 178 0
2461 102 0
2462 37 0
2463 37 0
2464 40 0
2465 37 0
2466 37 0
2467 163 0
2468 47 0
2469 44 1
2470 44 1
2471 44 1
2472 44 1
2473 2 0
2474 44 1
2475 142 0
2476 2 0
2477 44 1
2478 44 1
2479 44 1
2480 44 1
2481 44 1
2482 44 1
2483 44 1
2484 44 1
2485 44 1
2486 44 1
2487 44 1
2488 44 1
2489 44 1
2490 72 0
2491 44 1
2492 44 1
2493 44 1
2494 44 1
2495 44 1
2496 44 1
2497 44 1
2498 44 1
2499 44 1
2500 44 1
2501 2 0
2502 44 1
2503 44 1
2504 44 1
2505 2 0
2506 44 1
2507 44 1
2508 44 1
2509 44 1
2510 44 1
2511 72 0
2512 44 1
2513 44 1
2514 44 1
2515 44 1
2516 25 0
2517 2 0
2518 44 1
2519 44 1
2520 44 1
2521 44 1
2522 44 1
2523 44 1
2524 44 1
2525 44 1
2526 44 1
2527 44 1
2528 44 1
2529 45 1
2530 45 1
2531 45 1
2532 45 1
2533 45 1
2534 45 1
2535 45 1
2536 45 1
2537 45 1
2538 3 0
2539 45 1
2540 45 1
2541 1 0
2542 45 1
2543 66 0
2544 45 1
2545 1 0
2546 45 1
2547 45 1
2548 2 0
2549 45 1
2550 60 0
2551 7 0
2552 60 0
2553 84 0
2554 2 0
2555 45 1
2556 2 0
2557 45 1
2558 45 1
2559 45 1
2560 60 0
2561 45 1
2562 72 0
2563 45 1
2564 60 0
2565 66 0
2566 45 1
2567 45 1
2568 45 1
2569 60 0
2570 45 1
2571 45 1
2572 45 1
2573 2 0
2574 45 1
2575 45 1
2576 45 1
2577 3 0
2578 45 1
2579 66 0
2580 45 1
2581 60 0
2582 45 1
2583 45 1
2584 45 1
2585 1 0
2586 45 1
2587 2 0
2588 45 1
2589 46 1
2590 89 0
2591 52 0
2592 46 1
2593 46 1
2594 46 1
2595 89 0
2596 46 1
2597 46 1
2598 8 0
2599 46 1
2600 46 1
2601 46 1
2602 46 1
2603 46 1
2604 46 1
2605 46 1
2606 46 1
2607 46 1
2608 46 1
2609 46 1
2610 46 1
2611 46 1
2612 46 1
2613 46 1
2614 46 1
2615 46 1
2616 46 1
2617 46 1
2618 46 1
2619 46 1
2620 46 1
2621 46 1
2622 46 1
2623 46 1
2624 46 1
2625 46 1
2626 46 1
2627 46 1
2628 46 1
2629 46 1
2630 46 1
2631 46 1
2632 46 1
2633 46 1
2634 46 1
2635 46 1
2636 46 1
2637 46 1
2638 46 1
2639 46 1
2640 46 1
2641 46 1
2642 46 1
2643 46 1
2644 65 0
2645 46 1
2646 46 1
2647 46 1
2648 46 1
2649 47 1
2650 47 1
2651 47 1
2652 47 1
2653 47 1
2654 47 1
2655 47 1
2656 47 1
2657 47 1
2658 47 1
2659 47 1
2660 96 0
2661 47 1
2662 55 0
2663 47 1
2664 47 1
2665 55 0
2666 47 1
2667 47 1
2668 47 1
2669 47 1
2670 47 1
2671 47 1
2672 47 1
2673 47 1
2674 47 1
2675 47 1
2676 47 1
2677 47 1
2678 47 1
2679 96 0
2680 47 1
2681 47 1
2682 47 1
2683 47 1
2684 47 1
2685 47 1
2686 47 1
2687 47 1
2688 47 1
2689 47 1
2690 168 0
2691 47 1
2692 47 1
2693 47 1
2694 48 0
2695 47 1
2696 47 1
2697 47 1
2698 47 1
2699 168 0
2700 47 1
2701 47 1
2702 47 1
2703 47 1
2704 47 1
2705 47 1
2706 55 0
2707 48 0
2708 47 1
2709 48 1
2710 48 1
2711 48 1
2712 48 1
2713 48 1
2714 48 1
2715 48 1
2716 48 1
2717 48 1
2718 48 1
2719 48 1
2720 48 1
2721 48 1
2722 48 1
2723 48 1
2724 48 1
2725 48 1
2726 48 1
2727 48 1
2728 48 1
2729 48 1
2730 48 1
2731 48 1
2732 48 1
2733 48 1
2734 48 1
2735 48 1
2736 48 1
2737 47 0
2738 47 0
2739 48 1
2740 48 1
2741 48 1
2742 130 0
2743 48 1
2744 48 1
2745 48 1
2746 48 1
2747 48 1
2748 48 1
2749 48 1
2750 48 1
2751 48 1
2752 48 1
2753 48 1
2754 48 1
2755 48 1
2756 48 1
2757 48 1
2758 48 1
2759 48 1
2760 48 1
2761 48 1
2762 48 1
2763 48 1
2764 48 1
2765 48 1
2766 48 1
2767 48 1
2768 48 1
2769 49 1
2770 49 1
2771 49 1
2772 49 1
2773 49 1
2774 49 1
2775 26 0
2776 49 1
2777 49 1
2778 49 1
2779 49 1
2780 49 1
2781 49 1
2782 49 1
2783 136 0
2784 49 1
2785 49 1
2786 134 0
2787 49 1
2788 13 0
2789 49 1
2790 134 0
2791 49 1
2792 49 1
2793 49 1
2794 49 1
2795 49 1
2796 49 1
2797 49 1
2798 4 0
2799 49 1
2800 49 1
2801 49 1
2802 49 1
2803 49 1
2804 49 1
2805 49 1
2806 186 0
2807 49 1
2808 9 0
2809 49 1
2810 134 0
2811 27 0
2812 49 1
2813 49 1
2814 26 0
2815 13 0
2816 49 1
2817 49 1
2818 49 1
2819 49 1
2820 134 0
2821 49 1
2822 49 1
2823 49 1
2824 134 0
2825 49 1
2826 49 1
2827 29 0
2828 49 1
2829 51 0
2830 50 1
2831 50 1
2832 51 0
2833 50 1
2834 50 1
2835 50 1
2836 50 1
2837 50 1
2838 86 0
2839 51 0
2840 53 0
2841 51 0
2842 53 0
2843 50 1
2844 51 0
2845 51 0
2846 52 0
2847 51 0
2848 53 0
2849 51 0
2850 51 0
2851 52 0
2852 50 1
2853 51 0
2854 50 1
2855 52 0
2856 50 1
2857 51 0
2858 51 0
2859 53 0
2860 53 0
2861 8 0
2862 50 1
2863 51 0
2864 53 0
2865 51 0
2866 51 0
2867 53 0
2868 53 0
2869 51 0
2870 52 0
2871 51 0
2872 50 1
2873 50 1
2874 53 0
2875 51 0
2876 53 0
2877 51 0
2878 53 0
2879 50 1
2880 50 1
2881 53 0
2882 51 0
2883 53 0
2884 53 0
2885 51 0
2886 53 0
2887 52 0
2888 51 0
2889 53 0
2890 51 1
2891 51 1
2892 51 1
2893 51 1
2894 53 0
2895 51 1
2896 53 0
2897 51 1
2898 51 1
2899 51 1
2900 53 0
2901 51 1
2902 53 0
2903 51 1
2904 53 0
2905 51 1
2906 53 0
2907 53 0
2908 53 0
2909 51 1
2910 51 1
2911 51 1
2912 51 1
2913 51 1
2914 51 1
2915 51 1
2916 51 1
2917 51 1
2918 89 0
2919 53 0
2920 51 1
2921 51 1
2922 51 1
2923 53 0
2924 51 1
2925 53 0
2926 53 0
2927 51 1
2928 51 1
2929 51 1
2930 53 0
2931 51 1
2932 51 1
2933 51 1
2934 51 1
2935 51 1
2936 51 1
2937 51 1
2938 51 1
2939 50 0
2940 51 1
2941 51 1
2942 89 0
2943 51 1
2944 53 0
2945 51 1
2946 53 0
2947 51 1
2948 51 1
2949 52 1
2950 50 0
2951 52 1
2952 52 1
2953 52 1
2954 52 1
2955 52 1
2956 52 1
2957 52 1
2958 51 0
2959 52 1
2960 52 1
2961 52 1
2962 52 1
2963 52 1
2964 52 1
2965 52 1
2966 52 1
2967 52 1
2968 52 1
2969 52 1
2970 52 1
2971 52 1
2972 52 1
2973 52 1
2974 52 1
2975 46 0
2976 52 1
2977 52 1
2978 52 1
2979 52 1
2980 52 1
2981 52 1
2982 52 1
2983 52 1
2984 51 0
2985 46 0
2986 52 1
2987 52 1
2988 52 1
2989 52 1
2990 52 1
2991 52 1
2992 52 1
2993 52 1
2994 52 1
2995 52 1
2996 52 1
2997 52 1
2998 52 1
2999 51 0
