2000 36 1
2001 36 1
2002 36 1
2003 36 1
2004 36 1
2005 36 1
2006 149 0
2007 36 1
2008 36 1
2009 36 1
2010 36 1
2011 36 1
2012 36 1
2013 36 1
2014 36 1
2015 36 1
2016 36 1
2017 36 1
2018 36 1
2019 36 1
2020 36 1
2021 36 1
2022 36 1
2023 36 1
2024 36 1
2025 36 1
2026 36 1
2027 36 1
2028 189 0
2029 36 1
2030 36 1
2031 36 1
2032 36 1
2033 36 1
2034 36 1
2035 36 1
2036 36 1
2037 36 1
2038 36 1
2039 36 1
2040 36 1
2041 36 1
2042 36 1
2043 36 1
2044 36 1
2045 36 1
2046 36 1
2047 36 1
2048 36 1
2049 36 1
2050 36 1
2051 36 1
2052 37 1
2053 39 0
2054 37 1
2055 175 0
2056 179 0
2057 102 0
2058 37 1
2059 37 1
2060 37 1
2061 37 1
2062 179 0
2063 37 1
2064 102 0
2065 37 1
2066 37 1
2067 37 1
2068 38 0
2069 37 1
2070 37 1
2071 37 1
2072 37 1
2073 37 1
2074 40 0
2075 37 1
2076 40 0
2077 37 1
2078 37 1
2079 37 1
2080 37 1
2081 37 1
2082 102 0
2083 37 1
2084 37 1
2085 37 1
2086 37 1
2087 37 1
2088 37 1
2089 37 1
2090 37 1
2091 37 1
2092 40 0
2093 40 0
2094 37 1
2095 40 0
2096 19 0
2097 174 0
2098 37 1
2099 37 1
2100 102 0
2101 37 1
2102 37 1
2103 37 1
2104 37 1
2105 152 0
2106 37 1
2107 37 1
2108 37 1
2109 171 0
2110 115 0
2111 157 0
2112 38 1
2113 38 1
2114 37 0
2115 38 1
2116 38 1
2117 43 0
2118 43 0
2119 37 0
2120 78 0
2121 37 0
2122 40 0
2123 37 0
2124 40 0
2125 37 0
2126 37 0
2127 77 0
2128 37 0
2129 40 0
2130 181 0
2131 37 0
2132 40 0
2133 38 1
2134 37 0
2135 150 0
2136 37 0
2137 40 0
2138 48 0
2139 37 0
2140 37 0
2141 37 0
2142 33 0
2143 37 0
2144 40 0
2145 43 0
2146 157 0
2147 37 0
2148 37 0
2149 77 0
2150 38 1
2151 77 0
2152 38 1
2153 40 0
2154 37 0
2155 37 0
2156 37 0
2157 38 1
2158 40 0
2159 40 0
2160 38 1
2161 40 0
2162 20 0
2163 77 0
2164 38 1
2165 102 0
2166 39 0
2167 77 0
2168 37 0
2169 40 0
2170 40 0
2171 37 0
2172 102 0
2173 37 0
2174 37 0
2175 37 0
2176 40 0
2177 40 0
2178 37 0
2179 40 0
2180 37 0
2181 37 0
2182 153 0
2183 37 0
2184 37 0
2185 37 0
2186 39 1
2187 37 0
2188 40 0
2189 102 0
2190 156 0
2191 179 0
2192 102 0
2193 37 0
2194 37 0
2195 40 0
2196 37 0
2197 37 0
2198 37 0
2199 40 0
2200 37 0
2201 37 0
2202 39 1
2203 171 0
2204 37 0
2205 37 0
2206 37 0
2207 37 0
2208 102 0
2209 102 0
2210 37 0
2211 102 0
2212 67 0
2213 37 0
2214 37 0
2215 37 0
2216 37 0
2217 40 0
2218 37 0
2219 40 0
2220 37 0
2221 37 0
2222 171 0
2223 115 0
2224 78 0
2225 37 0
2226 183 0
2227 37 0
2228 93 0
2229 115 0
2230 39 0
2231 102 0
2232 40 1
2233 40 1
2234 40 1
2235 40 1
2236 102 0
2237 102 0
2238 102 0
2239 40 1
2240 76 0
2241 37 0
2242 40 1
2243 102 0
2244 37 0
2245 40 1
2246 37 0
2247 93 0
2248 78 0
2249 102 0
2250 37 0
2251 148 0
2252 40 1
2253 32 0
2254 102 0
2255 147 0
2256 102 0
2257 102 0
2258 102 0
2259 102 0
2260 102 0
2261 171 0
2262 102 0
2263 102 0
2264 40 1
2265 102 0
2266 102 0
2267 150 0
2268 40 1
2269 40 1
2270 40 1
2271 40 1
2272 102 0
2273 37 0
2274 102 0
2275 102 0
2276 40 1
2277 102 0
2278 78 0
2279 40 1
2280 37 0
2281 40 1
2282 32 0
2283 102 0
2284 40 1
2285 102 0
2286 102 0
2287 102 0
2288 40 1
2289 102 0
2290 41 1
2291 78 0
2292 111 0
2293 78 0
2294 41 1
2295 32 0
2296 41 1
2297 41 1
2298 41 1
2299 78 0
2300 112 0
2301 41 1
2302 111 0
2303 41 1
2304 78 0
2305 78 0
2306 93 0
2307 41 1
2308 41 1
2309 32 0
2310 78 0
2311 78 0
2312 41 1
2313 78 0
2314 41 1
2315 41 1
2316 41 1
2317 41 1
2318 112 0
2319 112 0
2320 93 0
2321 93 0
2322 42 0
2323 41 1
2324 33 0
2325 93 0
2326 41 1
2327 41 1
2328 41 1
2329 41 1
2330 93 0
2331 41 1
2332 41 1
2333 41 1
2334 41 1
2335 78 0
2336 78 0
2337 93 0
2338 41 1
2339 77 0
2340 42 0
2341 41 1
2342 113 0
2343 32 0
2344 41 1
2345 41 1
2346 41 1
2347 78 0
2348 93 0
2349 112 0
2350 42 1
2351 42 1
2352 42 1
2353 42 1
2354 42 1
2355 42 1
2356 42 1
2357 42 1
2358 42 1
2359 42 1
2360 42 1
2361 42 1
2362 42 1
2363 42 1
2364 42 1
2365 42 1
2366 42 1
2367 42 1
2368 42 1
2369 42 1
2370 42 1
2371 42 1
2372 42 1
2373 42 1
2374 42 1
2375 42 1
2376 42 1
2377 42 1
2378 42 1
2379 42 1
2380 42 1
2381 42 1
2382 42 1
2383 42 1
2384 42 1
2385 42 1
2386 42 1
2387 42 1
2388 42 1
2389 42 1
2390 42 1
2391 42 1
2392 42 1
2393 42 1
2394 42 1
2395 42 1
2396 42 1
2397 139 0
2398 42 1
2399 42 1
2400 42 1
2401 42 1
2402 42 1
2403 42 1
2404 42 1
2405 42 1
2406 42 1
2407 42 1
2408 42 1
2409 42 1
2410 37 0
2411 174 0
2412 47 0
2413 37 0
2414 37 0
2415 37 0
2416 38 0
2417 37 0
2418 37 0
2419 37 0
2420 37 0
2421 37 0
2422 37 0
2423 40 0
2424 37 0
2425 37 0
2426 37 0
2427 37 0
2428 37 0
2429 40 0
2430 43 1
2431 37 0
2432 37 0
2433 37 0
2434 157 0
2435 37 0
2436 183 0
2437 157 0
2438 37 0
2439 37 0
2440 152 0
2441 171 0
2442 39 0
2443 37 0
2444 37 0
2445 38 0
2446 37 0
2447 37 0
2448 37 0
2449 37 0
2450 37 0
2451 37 0
2452 102 0
2453 77 0
2454 179 0
2455 168 0
2456 43 1
2457 155 0
2458 37 0
2459 37 0
2460 178 0
2461 102 0
2462 37 0
2463 37 0
2464 40 0
2465 37 0
2466 37 0
2467 163 0
2468 47 0
2469 44 1
2470 44 1
2471 44 1
2472 44 1
2473 2 0
2474 44 1
2475 142 0
2476 2 0
2477 44 1
2478 44 1
2479 44 1
2480 44 1
2481 44 1
2482 44 1
2483 44 1
2484 44 1
2485 44 1
2486 44 1
2487 44 1
2488 44 1
2489 44 1
2490 72 0
2491 44 1
2492 44 1
2493 44 1
2494 44 1
2495 44 1
2496 44 1
2497 44 1
2498 44 1
2499 44 1
2500 44 1
2501 2 0
2502 44 1
2503 44 1
2504 44 1
2505 2 0
2506 44 1
2507 44 1
2508 44 1
2509 44 1
2510 44 1
2511 72 0
2512 44 1
2513 44 1
2514 44 1
2515 44 1
2516 25 0
2517 2 0
2518 44 1
2519 44 1
2520 44 1
2521 44 1
2522 44 1
2523 44 1
2524 44 1
2525 44 1
2526 44 1
2527 44 1
2528 44 1
2529 45 1
2530 45 1
2531 45 1
2532 45 1
2533 45 1
2534 45 1
2535 45 1
2536 45 1
2537 45 1
2538 3 0
2539 45 1
2540 45 1
2541 1 0
2542 45 1
2543 66 0
2544 45 1
2545 1 0
2546 45 1
2547 45 1
2548 2 0
2549 45 1
2550 60 0
2551 7 0
2552 60 0
2553 84 0
2554 2 0
2555 45 1
2556 2 0
2557 45 1
2558 45 1
2559 45 1
2560 60 0
2561 45 1
2562 72 0
2563 45 1
2564 60 0
2565 66 0
2566 45 1
2567 45 1
2568 45 1
2569 60 0
2570 45 1
2571 45 1
2572 45 1
2573 2 0
2574 45 1
2575 45 1
2576 45 1
2577 3 0
2578 45 1
2579 66 0
2580 45 1
2581 60 0
2582 45 1
2583 45 1
2584 45 1
2585 1 0
2586 45 1
2587 2 0
2588 45 1
2589 46 1
2590 89 0
2591 52 0
2592 46 1
2593 46 1
2594 46 1
2595 89 0
2596 46 1
2597 46 1
2598 8 0
2599 46 1
2600 46 1
2601 46 1
2602 46 1
2603 46 1
2604 46 1
2605 46 1
2606 46 1
2607 46 1
2608 46 1
2609 46 1
2610 46 1
2611 46 1
2612 46 1
2613 46 1
2614 46 1
2615 46 1
2616 46 1
2617 46 1
2618 46 1
2619 46 1
2620 46 1
2621 46 1
2622 46 1
2623 46 1
2624 46 1
2625 46 1
2626 46 1
2627 46 1
2628 46 1
2629 46 1
2630 46 1
2631 46 1
2632 46 1
2633 46 1
2634 46 1
2635 46 1
2636 46 1
2637 46 1
2638 46 1
2639 46 1
2640 46 1
2641 46 1
2642 46 1
2643 46 1
2644 65 0
2645 46 1
2646 46 1
2647 46 1
2648 46 1
2649 47 1
2650 47 1
2651 47 1
2652 47 1
2653 47 1
2654 47 1
2655 47 1
2656 47 1
2657 47 1
2658 47 1
2659 47 1
2660 96 0
2661 47 1
2662 55 0
2663 47 1
2664 47 1
2665 55 0
2666 47 1
2667 47 1
2668 47 1
2669 47 1
2670 47 1
2671 47 1
2672 47 1
2673 47 1
2674 47 1
2675 47 1
2676 47 1
2677 47 1
2678 47 1
2679 96 0
2680 47 1
2681 47 1
2682 47 1
2683 47 1
2684 47 1
2685 47 1
2686 47 1
2687 47 1
2688 47 1
2689 47 1
2690 168 0
2691 47 1
2692 47 1
2693 47 1
2694 48 0
2695 47 1
2696 47 1
2697 47 1
2698 47 1
2699 168 0
2700 47 1
2701 47 1
2702 47 1
2703 47 1
2704 47 1
2705 47 1
2706 55 0
2707 48 0
2708 47 1
2709 48 1
2710 48 1
2711 48 1
2712 48 1
2713 48 1
2714 48 1
2715 48 1
2716 48 1
2717 48 1
2718 48 1
2719 48 1
2720 48 1
2721 48 1
2722 48 1
2723 48 1
2724 48 1
2725 48 1
2726 48 1
2727 48 1
2728 48 1
2729 48 1
2730 48 1
2731 48 1
2732 48 1
2733 48 1
2734 48 1
2735 48 1
2736 48 1
2737 47 0
2738 47 0
2739 48 1
2740 48 1
2741 48 1
2742 130 0
2743 48 1
2744 48 1
2745 48 1
2746 48 1
2747 48 1
2748 48 1
2749 48 1
2750 48 1
2751 48 1
2752 48 1
2753 48 1
2754 48 1
2755 48 1
2756 48 1
2757 48 1
2758 48 1
2759 48 1
2760 48 1
2761 48 1
2762 48 1
2763 48 1
2764 48 1
2765 48 1
2766 48 1
2767 48 1
2768 48 1
2769 49 1
2770 49 1
2771 49 1
2772 49 1
2773 49 1
2774 49 1
2775 26 0
2776 49 1
2777 49 1
2778 49 1
2779 49 1
2780 49 1
2781 49 1
2782 49 1
2783 136 0
2784 49 1
2785 49 1
2786 134 0
2787 49 1
2788 13 0
2789 49 1
2790 134 0
2791 49 1
2792 49 1
2793 49 1
2794 49 1
2795 49 1
2796 49 1
2797 49 1
2798 4 0
2799 49 1
2800 49 1
2801 49 1
2802 49 1
2803 49 1
2804 49 1
2805 49 1
2806 186 0
2807 49 1
2808 9 0
2809 49 1
2810 134 0
2811 27 0
2812 49 1
2813 49 1
2814 26 0
2815 13 0
2816 49 1
2817 49 1
2818 49 1
2819 49 1
2820 134 0
2821 49 1
2822 49 1
2823 49 1
2824 134 0
2825 49 1
2826 49 1
2827 29 0
2828 49 1
2829 51 0
2830 50 1
2831 50 1
2832 51 0
2833 50 1
2834 50 1
2835 50 1
2836 50 1
2837 50 1
2838 86 0
2839 51 0
2840 53 0
2841 51 0
2842 53 0
2843 50 1
2844 51 0
2845 51 0
2846 52 0
2847 51 0
2848 53 0
2849 51 0
2850 51 0
2851 52 0
2852 50 1
2853 51 0
2854 50 1
2855 52 0
2856 50 1
2857 51 0
2858 51 0
2859 53 0
2860 53 0
2861 8 0
2862 50 1
2863 51 0
2864 53 0
2865 51 0
2866 51 0
2867 53 0
2868 53 0
2869 51 0
2870 52 0
2871 51 0
2872 50 1
2873 50 1
2874 53 0
2875 51 0
2876 53 0
2877 51 0
2878 53 0
2879 50 1
2880 50 1
2881 53 0
2882 51 0
2883 53 0
2884 53 0
2885 51 0
2886 53 0
2887 52 0
2888 51 0
2889 53 0
2890 51 1
2891 51 1
2892 51 1
2893 51 1
2894 53 0
2895 51 1
2896 53 0
2897 51 1
2898 51 1
2899 51 1
2900 53 0
2901 51 1
2902 53 0
2903 51 1
2904 53 0
2905 51 1
2906 53 0
2907 53 0
2908 53 0
2909 51 1
2910 51 1
2911 51 1
2912 51 1
2913 51 1
2914 51 1
2915 51 1
2916 51 1
2917 51 1
2918 89 0
2919 53 0
2920 51 1
2921 51 1
2922 51 1
2923 53 0
2924 51 1
2925 53 0
2926 53 0
2927 51 1
2928 51 1
2929 51 1
2930 53 0
2931 51 1
2932 51 1
2933 51 1
2934 51 1
2935 51 1
2936 51 1
2937 51 1
2938 51 1
2939 50 0
2940 51 1
2941 51 1
2942 89 0
2943 51 1
2944 53 0
2945 51 1
2946 53 0
2947 51 1
2948 51 1
2949 52 1
2950 50 0
2951 52 1
2952 52 1
2953 52 1
2954 52 1
2955 52 1
2956 52 1
2957 52 1
2958 51 0
2959 52 1
2960 52 1
2961 52 1
2962 52 1
2963 52 1
2964 52 1
2965 52 1
2966 52 1
2967 52 1
2968 52 1
2969 52 1
2970 52 1
2971 52 1
2972 52 1
2973 52 1
2974 52 1
2975 46 0
2976 52 1
2977 52 1
2978 52 1
2979 52 1
2980 52 1
2981 52 1
2982 52 1
2983 52 1
2984 51 0
2985 46 0
2986 52 1
2987 52 1
2988 52 1
2989 52 1
2990 52 1
2991 52 1
2992 52 1
2993 52 1
2994 52 1
2995 52 1
2996 52 1
2997 52 1
2998 52 1
2999 51 0
